MCD Point
1+9+15+14+3
3
5
000000000000000000000000000000000000000000000000000000000000000000000000000000000000000000000000000000000000000000000000000000000000000000000000
000000000000000000000000000000000000000000000000000000000000000000000000000000000000000000000000000000000000000000000000000000000000000000000000
000000000000000000000210770210000000000000000000000000000000000000000000000000000000000000000000000000000000000000000000000000000000000000000000
000000000000000211220221220220210121511510710310421420421310310210210111121141130221120130000000131431431130130721000000000000000000000000000000
000000000000000000220120220120431730130130131130130140141130451440740730131130730721130130000430130231130220120720711000000000000000000000000000
000000000000000710221731730730440441140750750151140150150861861750451140140130130740450730000130730130130131130741421220000000000000000000000000
000000000000000210721221130741511750461131751110131241730110741751430121511511310311731511740231151461741730751241741511410000000000000000000000
000000000000000000721510420431730861511150150761720220220730741440451231861161410751150140141140140151140131130721000000000000000000000000000000
000000000000000000000511511721730730441210741130861431140140730130150140140231231730230000000000000000000000000000000000000000000000000000000000
000000000000000510510720721730130441740141130730000000000730741451261730451711511310861000000000000000000000000511721741751000000000000000000000
000000000000000000000000311511231741160150441731000000000000000721721140450721751230840000000000000711720431731241450861000000000000000000000000
000000000000000000000000000000000000000511310721731000000000000000000511511420731000000000000741231431120251760311150461730000000000000000000000
000000000000000000000000511311211441241451000000000000511311120731451461731140311511511310510731440731461450450140000000000000000000000000000000
000000000000000000000310511130430441451860511311511311240450130850241451461750731440721231860741751430451861861000000000000000000000000000000000
000000000000000000000000000000311510721441230751861441830840161231440451761860231730250451130741431000000000000000000000000000000000000000000000
000000000000000000000000000311511510310430761431230761451760751131741151130741130461751860000000000000000000000000000000000000000000000000000000
000000000000000000000000000000310511311510441751760150240230461161741230460751761430741230761451000000000000000000000000000000000000000000000000
000000000000000000000000000000000000000000000000000000000000000000000000000000000000000000000000000000000000000000000000000000000000000000000000
000000000000000000000000000000000000000000000000000000000000000000000000000000000000000000000000000000000000000000000000000000000000000000000000
