Grandby Lake
1+2+3+5+13
4
12
000000000000000000000000000000000000000000000000000000000000000000000000000000000000000000000000000000000000000000000000000000000000000000000000
000000000000000000000000000000000000000000000000000000000000000000000000000000000000000000000000000000000000000000000000000000000000000000000000
000000000000000000000000000000000000000000000000000000000000000000000000000000000000000000000000000000000000000000000000000000000000000000000000
000000000000000000000000000311311311311310310770311310311000000000511511511511511210210210210311311311000000000000000000000000000000000000000000
000000000000000000000000311311210210721220220220220220711311000000000311310310311220220220220220220511511000000000000000000000000000000000000000
000000000000000000000210210210210731731230230230230220221221111311311311311221831231731220731731220220220711311311310310310000000000000000000000
000000000000000000000000311220721721731131141141161151240240131220220220220221231731230131841711121220220220721721721311311310000000000000000000
000000000000000000000000000310220220220230240151161161151151141230230230230220220121121220411411220220220721721721720721720311000000000000000000
000000000000000000000000000000000310310221131141141141141131130120131130721220220220221221220220221220220731220221721221311000000000000000000000
000000000000000000000000000000311310311221721721421220220220220220220731121120120120221221121121220220121121220721721720511000000000000000000000
000000000000000000000000000000000311311311721210220220220220221721721721721721721721720120120221221120221221721721721310310310000000000000000000
000000000000000000000000000000000000000000311311310721721220720720230230231230230231230230230230721231231731721721721000000000000000000000000000
000000000000000000000000000000000000000000000000000311311721721230231131131131230230141141240131111231131121721311000000000000000000000000000000
000000000000000000000000000000000000000000000000000000000511721721731731741151151161250250240240230230220721000000000000000000000000000000000000
000000000000000000000000000000000000000000000000000000000000000311721721131131141141151151161151230231220000000000000000000000000000000000000000
000000000000000000000000000000000000000000000000000000000000000000000000721721511221721721721721721721000000000000000000000000000000000000000000
000000000000000000000000000000000000000000000000000000000000000000000000000000000000000000000000000000000000000000000000000000000000000000000000
000000000000000000000000000000000000000000000000000000000000000000000000000000000000000000000000000000000000000000000000000000000000000000000000
000000000000000000000000000000000000000000000000000000000000000000000000000000000000000000000000000000000000000000000000000000000000000000000000
