Lake CandleWood
14+15+1+2+4
10
15
000000000000000000000000000000000000000000000000000000000000000000000000000000000000000000000000000000000000000000000000000000000000000000000000
000000000000000000000000000000000000000000000000000000000000000000000000000000000000000000000000000000000000000000000000000000000000000000000000
000000000000000311311000000000000000000000000000000000000000000000000000000000000000000000000000000000000000000000000000000000000000000000000000
000000000000000000000000000000000000000000000000000000000000000000000000000000511511511511421421421731731240240241240250151151261241000000000000
000000000000000000000311311311311721311511000000000511461451140130831121120000511511511421421421731731731240240240151161251241221311000000000000
000000000000000000000000311311311311311511000000000511161151140130220000511000511511421421721240240240150150140241241231130120311311000000000000
000000000000000000000311311311511511511511000000000511741451740220000000000000000000000000000441241721720311230230721220221000000000000000000000
000000000000000000000000000000000000000511511000000511130120000000000000000000000000000000000000000000311231230231220311000000000000000000000000
000000000000000000000000311311311311511511511000000511731000000000000000000000000000000000000000000000310230231220311000000000000000000000000000
000000000000000000000000141151161160160161160260261851770000000000000000000000000000151151461160150150151161241231000000000000000000000000000000
000000000000000000000000141160160161461160160160151141150311000000000000000000000311141151160161160160160151231220000000000000000000000000000000
000000000000000000000000000131161160161160161160161160160160160160160000000000000000311160160161151150151150150000000000000000000000000000000000
000000000000000000000000000161160160160160160160161161161160160160160160160160160160160150150150150151151141121121311000000000000000000000000000
000000000000000000000000000000000000000231221231160161161160160150150150150151160160160151161161161161231221000000000000000000000000000000000000
000000000000000000000000000000000000221230311000000160161161161160160160161161160160160160160151151000000000000000000000000000000000000000000000
000000000000311311311311311311311311311721311000000000000000000000000000000000000000000000000000000000000000000000000000000000000000000000000000
000000000000000000000000000000000000000000000000000000000000000000000000000000000000000000000000000000000000000000000000000000000000000000000000
000000000000000000000000000000000000000000000000000000000000000000000000000000000000000000000000000000000000000000000000000000000000000000000000
000000000000000000000000000000000000000000000000000000000000000000000000000000000000000000000000000000000000000000000000000000000000000000000000
