3.46 1 1000000 0 0 0 5 4 down 5000 no 52
0 0 0 0 0 0
13 100 103 102 102 2 104 16 7 118
118 114 14 114 114 13 119 117 15 8
109 0 109 118 111 118 107 103 105 10
1 11 7 19 3 12 100 17 8 111
13 7 9 105 105 10 107 116 107 14
12 10 105 8 106 106 115 104 113 0
7 8 104 9 103 1 11 10 103 108
15 11 106 18 111 102 103 108 14 12
112 109 18 8 12 6 2 105 108 104
1 101 114 15 10 114 4 111 109 17
0 0 0 0 0 0 0 0 4 0
2 0 0 0 0 0 0 0 0 0
0 0 0 0 0 0 0 0 0 0
0 0 0 0 0 0 0 0 0 0
0 0 0 0 2 0 0 0 0 0
0 0 0 0 1 0 0 0 0 0
0 0 0 0 0 0 0 0 0 0
0 0 0 0 0 0 0 0 0 0
0 0 0 0 0 2 0 0 0 0
0 0 0 0 0 0 0 0 0 0
