2.76 1 1000000 0 0 0 5 4 down 5000 no 52
0 0 0 0 0 0
3 13 6 119 16 2 3 5 13 101
9 111 114 106 108 117 113 103 113 110
16 103 13 5 105 1 18 106 109 7
16 4 4 18 3 115 5 3 102 118
9 104 3 9 113 12 5 109 10 111
3 9 5 104 7 101 110 102 103 19
101 116 109 116 114 6 19 18 3 100
116 105 7 110 106 104 118 5 114 9
112 113 10 0 119 119 9 15 119 9
113 102 10 112 116 117 103 14 107 16
0 0 0 0 0 0 0 0 0 0
0 0 0 0 0 0 0 0 0 0
0 0 0 0 2 0 0 2 0 0
0 0 0 0 0 0 0 0 0 0
0 0 0 2 0 0 0 0 0 0
0 0 0 0 1 0 0 0 0 0
0 0 0 0 0 0 0 0 0 0
0 0 0 0 0 0 0 0 0 0
0 0 0 0 0 0 0 0 0 0
0 0 0 0 0 0 0 0 0 0
