Archmage|0|0|1|0|9|9|0|0|0
Assassin|0|0|1|7|8|0|0|7|7
Barbarian|1|1|1|9|6|0|0|9|0
Bard|1|1|0|0|9|7|0|0|9
Blackbelt|0|1|1|8|8|8|0|0|8
Cavalier|0|0|1|9|6|0|0|0|0
Cleric|1|0|1|0|0|0|2|0|0
Conjurer|1|1|1|0|3|7|0|0|4
Fighter|1|1|1|2|0|0|0|0|0
Healer|1|0|0|0|5|0|0|9|2
Hunter|1|1|1|9|9|0|0|0|9
Jester|0|1|1|3|9|0|0|0|9
Knight|1|0|1|7|0|0|7|0|0
Lord|1|0|0|0|5|4|4|6|6
Mage|1|1|1|0|0|2|0|0|0
Merchant|1|1|1|0|0|0|0|0|0
Monk|1|1|1|9|9|9|9|9|9
Ninja|0|0|1|8|8|8|8|8|8
Paladin|1|0|0|9|0|0|9|9|0
Ranger|1|0|0|0|4|4|0|0|0
Rogue|1|1|1|0|9|0|0|0|0
Sage|1|0|1|0|0|9|9|0|0
Samurai|1|1|0|6|1|2|1|5|0
Shaman|1|0|0|0|3|0|7|7|2
Sorcerer|1|1|1|0|9|9|9|0|9
Thief|0|1|1|0|2|0|0|0|0
Trainer|1|1|1|8|8|0|0|8|0
Warlock|1|0|1|0|9|0|9|0|0
Warrior|1|1|1|8|7|0|0|6|0
Wizard|1|0|1|0|0|3|3|0|0
